(1, 0, 'identity', 0.85171360705802512, 0.85171360705802512, 0.84962055058798214, 0.85232380403973085, 0.85171360705802512, 0.84661297774222311, 0.85171360705802512, 0.52188666440447917)
(1, 0, 'logistic', 0.35086528673227013, 0.35086528673227013, 0.17382930522824894, 0.18271451800926225, 0.35086528673227013, 0.33364661654135341, 0.35086528673227013, 1.5765184933831013)
(1, 0, 'tanh', 0.67356633864947402, 0.67356633864947402, 0.64417638085844375, 0.64522985254869603, 0.67356633864947402, 0.66865436819348034, 0.67356633864947402, 3.4346793349168645)
(1, 0, 'relu', 0.66847641669494406, 0.66847641669494406, 0.55998742490125075, 0.58904567571100896, 0.66847641669494406, 0.63909646825822197, 0.66847641669494406, 0.76925687139463861)
(1, 1, 'identity', 0.81540549711571086, 0.81540549711571086, 0.80868229054210439, 0.81553543788039606, 0.81540549711571086, 0.80761392311438629, 0.81540549711571086, 0.65727858839497799)
(1, 1, 'logistic', 0.35052595860196811, 0.35052595860196811, 0.17319807380157318, 0.18203463976425915, 0.35052595860196811, 0.33333333333333331, 0.35052595860196811, 1.5775364777740075)
(1, 1, 'tanh', 0.65049202578893794, 0.65049202578893794, 0.54051484354460333, 0.56901786983996316, 0.65049202578893794, 0.619614846689024, 0.65049202578893794, 0.81438751272480492)
(1, 1, 'relu', 0.5439429928741093, 0.5439429928741093, 0.47500354064505174, 0.45829270633315478, 0.5439429928741093, 0.55210182649284123, 0.5439429928741093, 1.2395656599932134)
(1, 2, 'identity', 0.81812012215812691, 0.81812012215812691, 0.81575836165502713, 0.81959329173416096, 0.81812012215812691, 0.81229370470419493, 0.81812012215812691, 0.29962673905666781)
(1, 2, 'logistic', 0.35052595860196811, 0.35052595860196811, 0.17320391435895566, 0.18203713502494454, 0.35052595860196811, 0.33333333333333331, 0.35052595860196811, 1.5758398371224975)
(1, 2, 'tanh', 0.3512046148625721, 0.3512046148625721, 0.1745587459495902, 0.18351350803929764, 0.3512046148625721, 0.3339598997493734, 0.3512046148625721, 1.5809297590770275)
(1, 2, 'relu', 0.18221920597217509, 0.18221920597217509, 0.05137772675086108, 0.056172051439183711, 0.18221920597217509, 0.16666666666666666, 0.18221920597217509, 8.8944689514760782)
(1, 3, 'identity', 0.84289107567017307, 0.84289107567017307, 0.83290588412522348, 0.84181549847089854, 0.84289107567017307, 0.83374061728570859, 0.84289107567017307, 0.37393959959280626)
(1, 3, 'logistic', 0.35052595860196811, 0.35052595860196811, 0.17316318914991471, 0.18199260953341759, 0.35052595860196811, 0.33333333333333331, 0.35052595860196811, 1.5768578215134035)
(1, 3, 'tanh', 0.60264675941635559, 0.60264675941635559, 0.50351456764335023, 0.5152003146950751, 0.60264675941635559, 0.5802870344479788, 0.60264675941635559, 2.0020359687818119)
(1, 3, 'relu', 0.53206650831353919, 0.53206650831353919, 0.45119728575303036, 0.44096407005954025, 0.53206650831353919, 0.53460790313312956, 0.53206650831353919, 1.1448931116389549)
(1, 4, 'identity', 0.76722090261282661, 0.76722090261282661, 0.76404878234382012, 0.76412242204114866, 0.76722090261282661, 0.76534462324762398, 0.76722090261282661, 0.40889039701391244)
(1, 4, 'logistic', 0.51713607058025113, 0.51713607058025113, 0.44217597823679156, 0.43003504633036516, 0.51713607058025113, 0.52571316612536756, 0.51713607058025113, 1.2287071598235493)
(1, 4, 'tanh', 0.5246012894468951, 0.5246012894468951, 0.41059266856919135, 0.40517370821971338, 0.5246012894468951, 0.51914362733764075, 0.5246012894468951, 5.9854088903970135)
(1, 4, 'relu', 0.55106888361045125, 0.55106888361045125, 0.49022911206771164, 0.4714510164482878, 0.55106888361045125, 0.56124498712764348, 0.55106888361045125, 1.5982354937224297)
(1, 5, 'identity', 0.7611129962673906, 0.7611129962673906, 0.75149842410152468, 0.75838165446847017, 0.7611129962673906, 0.7530842434576811, 0.7611129962673906, 0.58466236851034947)
(1, 5, 'logistic', 0.35052595860196811, 0.35052595860196811, 0.17316318914991471, 0.18199260953341759, 0.35052595860196811, 0.33333333333333331, 0.35052595860196811, 1.5768578215134035)
(1, 5, 'tanh', 0.36274177129284019, 0.36274177129284019, 0.18588180632992149, 0.20208196317517496, 0.36274177129284019, 0.33333333333333331, 0.36274177129284019, 8.1621988462843564)
(1, 5, 'relu', 0.18221920597217509, 0.18221920597217509, 0.05137772675086108, 0.056172051439183711, 0.18221920597217509, 0.16666666666666666, 0.18221920597217509, 8.8944689514760782)
(1, 6, 'identity', 0.79199185612487277, 0.79199185612487277, 0.79050408192239463, 0.79352535076200126, 0.79199185612487277, 0.7898284605906295, 0.79199185612487277, 0.5303698676620292)
(1, 6, 'logistic', 0.35052595860196811, 0.35052595860196811, 0.17316318914991471, 0.18199260953341759, 0.35052595860196811, 0.33333333333333331, 0.35052595860196811, 1.5768578215134035)(1, 6, 'tanh', 0.52019002375296908, 0.52019002375296908, 0.38197945036199837, 0.39524566142846101, 0.52019002375296908, 0.4967514644365929, 0.52019002375296908, 4.9039701391245334)(1, 6, 'relu', 0.66949440108585001, 0.66949440108585001, 0.56117415895018208, 0.59029008462566257, 0.66949440108585001, 0.63985319714765521, 0.66949440108585001, 0.77841873091279268)(1, 7, 'identity', 0.76620291822192055, 0.76620291822192055, 0.76608752018091131, 0.76654330105175195, 0.76620291822192055, 0.76344181829432489, 0.76620291822192055, 1.0003393281303019)(1, 7, 'logistic', 0.35052595860196811, 0.35052595860196811, 0.17315730971405108, 0.18199007176629645, 0.35052595860196811, 0.33333333333333331, 0.35052595860196811, 1.5785544621649135)(1, 7, 'tanh', 0.51408211740753307, 0.51408211740753307, 0.38154803652157249, 0.39422370096042408, 0.51408211740753307, 0.49011911284615212, 0.51408211740753307, 5.016287750254496)(1, 7, 'relu', 0.18052256532066507, 0.18052256532066507, 0.050972501676727032, 0.05521012058096799, 0.18052256532066507, 0.16666666666666666, 0.18052256532066507, 5.0502205632846966)(1, 8, 'identity', 0.68985408890397015, 0.68985408890397015, 0.69233956753985204, 0.69117766126711877, 0.68985408890397015, 0.68491890761740803, 0.68985408890397015, 3.1191041737360026)(1, 8, 'logistic', 0.35052595860196811, 0.35052595860196811, 0.17315730971405108, 0.18199007176629645, 0.35052595860196811, 0.33333333333333331, 0.35052595860196811, 1.5785544621649135)(1, 8, 'tanh', 0.57108924329826938, 0.57108924329826938, 0.4309750850491218, 0.45057391839445937, 0.57108924329826938, 0.54241504577312061, 0.57108924329826938, 1.5035629453681709)(1, 8, 'relu', 0.65218866644044793, 0.65218866644044793, 0.59616834278548725, 0.60105189498949807, 0.65218866644044793, 0.63955733213817334, 0.65218866644044793, 0.64506277570410586)(1, 9, 'identity', 0.74312860536138448, 0.74312860536138436, 0.74001718340724931, 0.73969697133060253, 0.74312860536138448, 0.74165698690737214, 0.74312860536138448, 1.012215812690872)(1, 9, 'logistic', 0.35052595860196811, 0.35052595860196811, 0.17315151860456776, 0.18198762644010302, 0.35052595860196811, 0.33333333333333331, 0.35052595860196811, 1.5802511028164234)(1, 9, 'tanh', 0.47404139803189682, 0.47404139803189682, 0.339061430328014, 0.34386176406225272, 0.47404139803189682, 0.46377816587904941, 0.47404139803189682, 1.3586698337292162)(1, 9, 'relu', 0.18221920597217509, 0.18221920597217509, 0.05137772675086108, 0.056172051439183711, 0.18221920597217509, 0.16666666666666666, 0.18221920597217509, 8.8944689514760782)(1, 10, 'identity', 0.73023413640990842, 0.73023413640990853, 0.67622305133509719, 0.68512838111084862, 0.73023413640990842, 0.72069955433496391, 0.73023413640990842, 0.72175093315235828)(1, 10, 'logistic', 0.35052595860196811, 0.35052595860196811, 0.17316318914991471, 0.18199260953341759, 0.35052595860196811, 0.33333333333333331, 0.35052595860196811, 1.5768578215134035)(1, 10, 'tanh', 0.53003053953172719, 0.53003053953172719, 0.36768730314599157, 0.39351176059315773, 0.53003053953172719, 0.49906890130353815, 0.53003053953172719, 0.91991856124872751)(1, 10, 'relu', 0.18221920597217509, 0.18221920597217509, 0.05137772675086108, 0.056172051439183711, 0.18221920597217509, 0.16666666666666666, 0.18221920597217509, 8.8944689514760782)(1, 11, 'identity', 0.77027485578554467, 0.77027485578554467, 0.76721839859095586, 0.77074829093026809, 0.77027485578554467, 0.76451484720866281, 0.77027485578554467, 0.36511706820495421)(1, 11, 'logistic', 0.38445877163216829, 0.38445877163216829, 0.22179057118099355, 0.2376466417168985, 0.38445877163216829, 0.35523109147775261, 0.38445877163216829, 6.1381065490329147)(1, 11, 'tanh', 0.61588055649813367, 0.61588055649813367, 0.52451437692989844, 0.53481357752196634, 0.61588055649813367, 0.59542674425430742, 0.61588055649813367, 0.7475398710553105)(1, 11, 'relu', 0.18221920597217509, 0.18221920597217509, 0.05137772675086108, 0.056172051439183711, 0.18221920597217509, 0.16666666666666666, 0.18221920597217509, 8.8944689514760782)(1, 12, 'identity', 0.62334577536477775, 0.62334577536477775, 0.57967869387800552, 0.5816141480533128, 0.62334577536477775, 0.61785839033306922, 0.62334577536477775, 2.5900916185951814)(1, 12, 'logistic', 0.36375975568374619, 0.36375975568374619, 0.1842269542779689, 0.20012854487656456, 0.36375975568374619, 0.3344330605629397, 0.36375975568374619, 7.467254835425857)(1, 12, 'tanh', 0.50763488293179504, 0.50763488293179504, 0.37248493930780247, 0.38982211148826762, 0.50763488293179504, 0.4796486258022486, 0.50763488293179504, 6.5904309467254834)(1, 12, 'relu', 0.5246012894468951, 0.5246012894468951, 0.41735446018005401, 0.44215859205282537, 0.5246012894468951, 0.49650380401532956, 0.5246012894468951, 2.6206311503223616)(1, 13, 'identity', 0.83135391923990498, 0.83135391923990498, 0.82910465889799401, 0.83254706121957878, 0.83135391923990498, 0.82709120484916976, 0.83135391923990498, 0.40990838140481844)(1, 13, 'logistic', 0.35052595860196811, 0.35052595860196811, 0.17320391435895566, 0.18203713502494454, 0.35052595860196811, 0.33333333333333331, 0.35052595860196811, 1.5758398371224975)(1, 13, 'tanh', 0.56701730573464537, 0.56701730573464537, 0.44734533170825502, 0.45376556823488218, 0.56701730573464537, 0.54901787398604041, 0.56701730573464537, 3.0950118764845604)(1, 13, 'relu', 0.54733627417712927, 0.54733627417712927, 0.47913803360206392, 0.4652277343044432, 0.54733627417712927, 0.55352494353135084, 0.54733627417712927, 1.5412283678316931)(1, 14, 'identity', 0.79368849677638276, 0.79368849677638276, 0.79229630103442972, 0.79534779462690597, 0.79368849677638276, 0.79165957139185705, 0.79368849677638276, 0.5283338988802172)(1, 14, 'logistic', 0.36613505259586021, 0.36613505259586021, 0.19363071576295043, 0.20961589496089372, 0.36613505259586021, 0.33687190375088466, 0.36613505259586021, 8.1357312521208005)(1, 14, 'tanh', 0.64302680692229386, 0.64302680692229386, 0.56603824714350592, 0.57691879195106144, 0.64302680692229386, 0.6247642936639658, 0.64302680692229386, 1.3610451306413303)(1, 14, 'relu', 0.18052256532066507, 0.18052256532066507, 0.050972501676727032, 0.05521012058096799, 0.18052256532066507, 0.16666666666666666, 0.18052256532066507, 5.0502205632846966)(1, 15, 'identity', 0.71191041737360028, 0.71191041737360028, 0.70700671721819897, 0.70764692103179883, 0.71191041737360028, 0.70954128172817843, 0.71191041737360028, 0.63929419748897187)(1, 15, 'logistic', 0.35052595860196811, 0.35052595860196811, 0.17316318914991471, 0.18199260953341759, 0.35052595860196811, 0.33333333333333331, 0.35052595860196811, 1.5768578215134035)(1, 15, 'tanh', 0.35154394299287411, 0.35154394299287411, 0.17515464034668549, 0.18415086572264067, 0.35154394299287411, 0.3342731829573935, 0.35154394299287411, 1.5758398371224975)(1, 15, 'relu', 0.18221920597217509, 0.18221920597217509, 0.05137772675086108, 0.056172051439183711, 0.18221920597217509, 0.16666666666666666, 0.18221920597217509, 8.8944689514760782)(1, 16, 'identity', 0.78181201221581265, 0.78181201221581265, 0.78029483887460227, 0.78309482438704447, 0.78181201221581265, 0.77960195572464819, 0.78181201221581265, 0.55446216491347133)(1, 16, 'logistic', 0.45164574143196473, 0.45164574143196473, 0.30973782040153736, 0.32175950604141834, 0.45164574143196473, 0.4260844521069127, 0.45164574143196473, 6.4292500848320326)(1, 16, 'tanh', 0.61791652527994567, 0.61791652527994567, 0.50943150594849229, 0.52408920212899179, 0.61791652527994567, 0.59378327655142238, 0.61791652527994567, 1.2673905666779777)(1, 16, 'relu', 0.48829317950458095, 0.48829317950458095, 0.39506248431125596, 0.41811788266615113, 0.48829317950458095, 0.46038407679069354, 0.48829317950458095, 3.2643366135052596)(1, 17, 'identity', 0.8140481845945029, 0.81404818459450279, 0.80798239784803083, 0.81426585304723753, 0.8140481845945029, 0.80654652459013787, 0.8140481845945029, 0.70139124533423824)(1, 17, 'logistic', 0.35052595860196811, 0.35052595860196811, 0.17319807380157318, 0.18203463976425915, 0.35052595860196811, 0.33333333333333331, 0.35052595860196811, 1.5775364777740075)(1, 17, 'tanh', 0.3688496776382762, 0.3688496776382762, 0.20591735327397612, 0.2175185640124081, 0.3688496776382762, 0.35025062656641603, 0.3688496776382762, 1.513742789277231)(1, 17, 'relu', 0.56396335256192742, 0.56396335256192742, 0.49341596080534561, 0.47803077422499901, 0.56396335256192742, 0.56994131083993804, 0.56396335256192742, 1.1289446895147608)(1, 18, 'identity', 0.72650152697658632, 0.72650152697658643, 0.68784036564777884, 0.69454823621331852, 0.72650152697658632, 0.71864446072537957, 0.72650152697658632, 0.52494061757719712)(1, 18, 'logistic', 0.35052595860196811, 0.35052595860196811, 0.17315730971405108, 0.18199007176629645, 0.35052595860196811, 0.33333333333333331, 0.35052595860196811, 1.5785544621649135)(1, 18, 'tanh', 0.53138785205293515, 0.53138785205293515, 0.37144257276317799, 0.39730484705828623, 0.53138785205293515, 0.50045283466035173, 0.53138785205293515, 0.91448931116389554)(1, 18, 'relu', 0.18221920597217509, 0.18221920597217509, 0.05137772675086108, 0.056172051439183711, 0.18221920597217509, 0.16666666666666666, 0.18221920597217509, 8.8944689514760782)(1, 19, 'identity', 0.82762130980658299, 0.82762130980658299, 0.80783743329013624, 0.82012627293515628, 0.82762130980658299, 0.81301178682276587, 0.82762130980658299, 0.23549372242958941)(1, 19, 'logistic', 0.35052595860196811, 0.35052595860196811, 0.17324467844647773, 0.18208170302290727, 0.35052595860196811, 0.33333333333333331, 0.35052595860196811, 1.5748218527315914)(1, 19, 'tanh', 0.47641669494401084, 0.47641669494401084, 0.35297021657531652, 0.34021571926363059, 0.47641669494401084, 0.48011802329003861, 0.47641669494401084, 1.0851713607058024)(1, 19, 'relu', 0.18221920597217509, 0.18221920597217509, 0.05137772675086108, 0.056172051439183711, 0.18221920597217509, 0.16666666666666666, 0.18221920597217509, 8.8944689514760782)(1, 20, 'identity', 0.77129284017645061, 0.77129284017645061, 0.76774747080354866, 0.77144101868305714, 0.77129284017645061, 0.76532150178665426, 0.77129284017645061, 0.36409908381404821)(1, 20, 'logistic', 0.36274177129284019, 0.36274177129284019, 0.18686319276744631, 0.20313796378676072, 0.36274177129284019, 0.33333333333333331, 0.36274177129284019, 8.2161520190023758)(1, 20, 'tanh', 0.59178825924669154, 0.59178825924669154, 0.45468211455856483, 0.47429204210424569, 0.59178825924669154, 0.56372818406766834, 0.59178825924669154, 1.3681710213776721)(1, 20, 'relu', 0.63115032236172375, 0.63115032236172375, 0.54995260900489706, 0.56883251558429382, 0.63115032236172375, 0.60614205670185883, 0.63115032236172375, 1.6185951815405497)(1, 21, 'identity', 0.83338988802171698, 0.83338988802171687, 0.83005986908969065, 0.83444099229161661, 0.83338988802171698, 0.82588976022867122, 0.83338988802171698, 0.2670512385476756)(1, 21, 'logistic', 0.35086528673227013, 0.35086528673227013, 0.1738755805766409, 0.18271191664221967, 0.35086528673227013, 0.33367277664630007, 0.35086528673227013, 1.5771971496437054)(1, 21, 'tanh', 0.62877502544960973, 0.62877502544960973, 0.52200732250315418, 0.54813530958500878, 0.62877502544960973, 0.6010820074626485, 0.62877502544960973, 0.82287071598235495)(1, 21, 'relu', 0.18052256532066507, 0.18052256532066507, 0.050972501676727032, 0.05521012058096799, 0.18052256532066507, 0.16666666666666666, 0.18052256532066507, 5.0502205632846966)(1, 22, 'identity', 0.85103495079742109, 0.85103495079742109, 0.84960167022885935, 0.85219470597961577, 0.85103495079742109, 0.84620037741057219, 0.85103495079742109, 0.51543942992874114)(1, 22, 'logistic', 0.35052595860196811, 0.35052595860196811, 0.17319807380157318, 0.18203463976425915, 0.35052595860196811, 0.33333333333333331, 0.35052595860196811, 1.5775364777740075)(1, 22, 'tanh', 0.4794706481167289, 0.47947064811672885, 0.34645875755305378, 0.35170533935525977, 0.4794706481167289, 0.4687554498962288, 0.4794706481167289, 1.2456735663386496)(1, 22, 'relu', 0.54665761791652523, 0.54665761791652523, 0.48512188002876355, 0.46676129693740187, 0.54665761791652523, 0.55610472700826097, 0.54665761791652523, 1.6399728537495759)(1, 23, 'identity', 0.85273159144893107, 0.85273159144893107, 0.85037488792900684, 0.85356169154871131, 0.85273159144893107, 0.84695345538194011, 0.85273159144893107, 0.52188666440447917)(1, 23, 'logistic', 0.51781472684085506, 0.51781472684085506, 0.35648535280816879, 0.38085221110398793, 0.51781472684085506, 0.48778195488721804, 0.51781472684085506, 1.3678316932473702)(1, 23, 'tanh', 0.65897522904648798, 0.65897522904648798, 0.62899534269504875, 0.63088660786151696, 0.65897522904648798, 0.65063382429264116, 0.65897522904648798, 3.3990498812351544)(1, 23, 'relu', 0.63182897862232779, 0.63182897862232779, 0.51365064929902626, 0.53298419516805173, 0.63182897862232779, 0.61111969435431579, 0.63182897862232779, 2.8720732948761452)(1, 24, 'identity', 0.85510688836104509, 0.85510688836104509, 0.85401488189056785, 0.85650085317991864, 0.85510688836104509, 0.85050990143439653, 0.85510688836104509, 0.49100780454699694)(1, 24, 'logistic', 0.35086528673227013, 0.35086528673227013, 0.17382346467086651, 0.18271202274857684, 0.35086528673227013, 0.33364661654135341, 0.35086528673227013, 1.5782151340346116)(1, 24, 'tanh', 0.3512046148625721, 0.3512046148625721, 0.17461552458963214, 0.18351845230544872, 0.3512046148625721, 0.33398605985432006, 0.3512046148625721, 1.5799117746861215)(1, 24, 'relu', 0.66881574482524597, 0.66881574482524597, 0.56084977311082584, 0.58995447680637747, 0.66881574482524597, 0.63899410676296109, 0.66881574482524597, 0.79538513742789274)(1, 25, 'identity', 0.76416694944010854, 0.76416694944010854, 0.76284487903856257, 0.76435409760739559, 0.76416694944010854, 0.7592173632211362, 0.76416694944010854, 0.84560570071258911)(1, 25, 'logistic', 0.35052595860196811, 0.35052595860196811, 0.17315730971405108, 0.18199007176629645, 0.35052595860196811, 0.33333333333333331, 0.35052595860196811, 1.5785544621649135)(1, 25, 'tanh', 0.47879199185612487, 0.47879199185612487, 0.34305695627483912, 0.34784035887062797, 0.47879199185612487, 0.46839328927242424, 0.47879199185612487, 1.3749575839837123)(1, 25, 'relu', 0.18221920597217509, 0.18221920597217509, 0.05137772675086108, 0.056172051439183711, 0.18221920597217509, 0.16666666666666666, 0.18221920597217509, 8.8944689514760782)(2, 0, 'identity', 0.93518832711231759, 0.93518832711231759, 0.93507235452209658, 0.93507953339853411, 0.93518832711231759, 0.93456016267005604, 0.93518832711231759, 0.10179843909060061)(2, 0, 'logistic', 0.62877502544960973, 0.62877502544960973, 0.55955799294992858, 0.53968213005913546, 0.62877502544960973, 0.64040617325623483, 0.62877502544960973, 0.89955887343060736)(2, 0, 'tanh', 0.79742110620970474, 0.79742110620970474, 0.74959659038350479, 0.74625106903128668, 0.79742110620970474, 0.79607064204740752, 0.79742110620970474, 0.4363759755683746)(2, 0, 'relu', 0.90838140481845941, 0.9083814048184593, 0.90946158708136993, 0.90878305901687129, 0.90838140481845941, 0.90897917324946231, 0.90838140481845941, 0.13708856464200883)(2, 1, 'identity', 0.92704445198506957, 0.92704445198506957, 0.9264554277333068, 0.92721925705539565, 0.92704445198506957, 0.92582935944255362, 0.92704445198506957, 0.11978282999660672)(2, 1, 'logistic', 0.67763827621309802, 0.67763827621309802, 0.55214721235826958, 0.57172421687322117, 0.67763827621309802, 0.65325203565047518, 0.67763827621309802, 0.73362741771292839)(2, 1, 'tanh', 0.79572446555819476, 0.79572446555819476, 0.7453947967451735, 0.74174134666253744, 0.79572446555819476, 0.79530820666250091, 0.79572446555819476, 0.58296572785883949)(2, 1, 'relu', 0.54869358669833734, 0.54869358669833734, 0.48650886275954086, 0.46826376610085491, 0.54869358669833734, 0.55818490090372153, 0.54869358669833734, 1.5782151340346116)(2, 2, 'identity', 0.93043773328808954, 0.93043773328808954, 0.92935181672278633, 0.93058133216530858, 0.93043773328808954, 0.92914321105013487, 0.93043773328808954, 0.14116050220563284)(2, 2, 'logistic', 0.67831693247370206, 0.67831693247370206, 0.55458807971292112, 0.57428787950240412, 0.67831693247370206, 0.65377018636754936, 0.67831693247370206, 0.73396674584323041)(2, 2, 'tanh', 0.67797760434340004, 0.67797760434340004, 0.55509424705711818, 0.57465231300946285, 0.67797760434340004, 0.65363411705498231, 0.67797760434340004, 0.74143196470987449)(2, 2, 'relu', 0.87818120122158128, 0.87818120122158128, 0.87680563775405329, 0.87935574891859136, 0.87818120122158128, 0.87561190542195122, 0.87818120122158128, 0.28266033254156769)(2, 3, 'identity', 0.89752290464879536, 0.89752290464879536, 0.89625994994336311, 0.89784811760370142, 0.89752290464879536, 0.89555772847966253, 0.89752290464879536, 0.25415676959619954)(2, 3, 'logistic', 0.65184933831014591, 0.65184933831014591, 0.54410323006390227, 0.54741694958876619, 0.65184933831014591, 0.64328356072540482, 0.65184933831014591, 0.39090600610790632)(2, 3, 'tanh', 0.81913810654903296, 0.81913810654903296, 0.74841831909096823, 0.77141956122537214, 0.81913810654903296, 0.79588367762919265, 0.81913810654903296, 0.60773668137088566)(2, 3, 'relu', 0.74991516796742452, 0.74991516796742452, 0.69225485566487777, 0.69975713100043202, 0.74991516796742452, 0.74004752599361678, 0.74991516796742452, 0.3688496776382762)(2, 4, 'identity', 0.93518832711231759, 0.93518832711231759, 0.93527796430204357, 0.93545501826833444, 0.93518832711231759, 0.9338506683907789, 0.93518832711231759, 0.11910417373600271)(2, 4, 'logistic', 0.504920257889379, 0.504920257889379, 0.3707431136455614, 0.37427420832765063, 0.504920257889379, 0.49363411842963312, 0.504920257889379, 1.4133016627078385)(2, 4, 'tanh', 0.85646420088225317, 0.85646420088225317, 0.85040907754453077, 0.85232038163498947, 0.85646420088225317, 0.85330976102058997, 0.85646420088225317, 0.15744825246012895)(2, 4, 'relu', 0.67017305734645405, 0.67017305734645405, 0.56212167694015136, 0.59125491979012357, 0.67017305734645405, 0.64063672419337547, 0.67017305734645405, 0.77332880895826261)(2, 5, 'identity', 0.92568713946386161, 0.92568713946386161, 0.92565726848652152, 0.92594295383814018, 0.92568713946386161, 0.92539760072611454, 0.92568713946386161, 0.1177468612147947)(2, 5, 'logistic', 0.66813708856464205, 0.66813708856464205, 0.56402729874843371, 0.59290121601003887, 0.66813708856464205, 0.6384136342416129, 0.66813708856464205, 0.91143535799117747)(2, 5, 'tanh', 0.68306752629793011, 0.68306752629793011, 0.58152021917205288, 0.60110502227937623, 0.68306752629793011, 0.65923829385264432, 0.68306752629793011, 0.74244994910078044)(2, 5, 'relu', 0.66881574482524597, 0.66881574482524597, 0.56136574851695986, 0.59047282481152086, 0.66881574482524597, 0.63896794665801449, 0.66881574482524597, 0.80115371564302684)(2, 6, 'identity', 0.91856124872751954, 0.91856124872751954, 0.91827800812073435, 0.91868609572750115, 0.91856124872751954, 0.91735653912706761, 0.91856124872751954, 0.13131998642687479)(2, 6, 'logistic', 0.71292840176450623, 0.71292840176450634, 0.61553855739191032, 0.6352054462388389, 0.71292840176450623, 0.68829077761201429, 0.71292840176450623, 0.85612487275195115)(2, 6, 'tanh', 0.88327112317611134, 0.88327112317611134, 0.8795763553656345, 0.88058338256936453, 0.88327112317611134, 0.8797913591187978, 0.88327112317611134, 0.32846963013233799)(2, 6, 'relu', 0.83983712249745501, 0.8398371224974549, 0.82203274913916413, 0.81966785293473743, 0.83983712249745501, 0.83807026574639309, 0.83983712249745501, 0.2171700033932813)(2, 7, 'identity', 0.91856124872751954, 0.91856124872751954, 0.91805303637731239, 0.91851552103327139, 0.91856124872751954, 0.91762636499591321, 0.91856124872751954, 0.28910756701730572)(2, 7, 'logistic', 0.53240583644384121, 0.53240583644384121, 0.37237595055237033, 0.39817559741800695, 0.53240583644384121, 0.50142717454317876, 0.53240583644384121, 0.89718357651849334)(2, 7, 'tanh', 0.77977604343400064, 0.77977604343400064, 0.7308292563782014, 0.72821324677265897, 0.77977604343400064, 0.77660698376687842, 0.77977604343400064, 0.44451985069562266)(2, 7, 'relu', 0.90736342042755347, 0.90736342042755347, 0.90696316381575404, 0.90822235372408711, 0.90736342042755347, 0.90520142720678809, 0.90736342042755347, 0.2181879877841873)(2, 8, 'identity', 0.90973871733966749, 0.90973871733966749, 0.90891415533522857, 0.90931048608818599, 0.90973871733966749, 0.90779092248064897, 0.90973871733966749, 0.15710892432982695)(2, 8, 'logistic', 0.75534441805225649, 0.75534441805225638, 0.68105518656682984, 0.7024526859229312, 0.75534441805225649, 0.73056320146097498, 0.75534441805225649, 0.73736002714625037)(2, 8, 'tanh', 0.76959619952494063, 0.76959619952494063, 0.71888860624902506, 0.71648195824097938, 0.76959619952494063, 0.76516150476350375, 0.76959619952494063, 0.39328130302002035)(2, 8, 'relu', 0.18221920597217509, 0.18221920597217509, 0.05137772675086108, 0.056172051439183711, 0.18221920597217509, 0.16666666666666666, 0.18221920597217509, 8.8944689514760782)(2, 9, 'identity', 0.93417034272141164, 0.93417034272141153, 0.93352890779607767, 0.93413218803020037, 0.93417034272141164, 0.93312433436647069, 0.93417034272141164, 0.092975907702748564)(2, 9, 'logistic', 0.66508313539192399, 0.66508313539192399, 0.55895555451647061, 0.58792145110282634, 0.66508313539192399, 0.63544353641065043, 0.66508313539192399, 0.92263318629114355)(2, 9, 'tanh', 0.66372582287071602, 0.66372582287071602, 0.55767019328385159, 0.58657721781263483, 0.66372582287071602, 0.63424272378846358, 0.66372582287071602, 0.92399049881235151)(2, 9, 'relu', 0.93484899898201557, 0.93484899898201557, 0.93509612823591404, 0.93487130546561115, 0.93484899898201557, 0.93420856706073929, 0.93484899898201557, 0.10926365795724466)(2, 10, 'identity', 0.91822192059721752, 0.91822192059721752, 0.91810637988013621, 0.91803775923232123, 0.91822192059721752, 0.91758857301683161, 0.91822192059721752, 0.12860536138445877)(2, 10, 'logistic', 0.66881574482524597, 0.66881574482524597, 0.54244428782478982, 0.56457809550976346, 0.66881574482524597, 0.64409401182567405, 0.66881574482524597, 0.34136409908381404)(2, 10, 'tanh', 0.87309127926705121, 0.87309127926705121, 0.86677486509652901, 0.86983614394485476, 0.87309127926705121, 0.86988120339063801, 0.87309127926705121, 0.45911096029860876)(2, 10, 'relu', 0.53172718018323717, 0.53172718018323717, 0.39527440476013059, 0.41167067058400741, 0.53172718018323717, 0.50429701472380994, 0.53172718018323717, 3.1757719714964372)(2, 11, 'identity', 0.92975907702748561, 0.92975907702748561, 0.92927514950113421, 0.93001864553868541, 0.92975907702748561, 0.92802985795776705, 0.92975907702748561, 0.13539192399049882)(2, 11, 'logistic', 0.665422463522226, 0.665422463522226, 0.55921865002364468, 0.58821394665501336, 0.665422463522226, 0.63552137867415037, 0.665422463522226, 0.92229385816084153)(2, 11, 'tanh', 0.89854088903970142, 0.89854088903970142, 0.89502855847035889, 0.89663401287366828, 0.89854088903970142, 0.89516214550845963, 0.89854088903970142, 0.19205972175093317)(2, 11, 'relu', 0.66915507295554799, 0.66915507295554799, 0.56084986372846202, 0.58994280795922061, 0.66915507295554799, 0.63964455435942191, 0.66915507295554799, 0.7787580590430947)(2, 12, 'identity', 0.92534781133355959, 0.92534781133355959, 0.92411998190500222, 0.92550805265509639, 0.92534781133355959, 0.92496278201359605, 0.92534781133355959, 0.17950458092975907)(2, 12, 'logistic', 0.66813708856464205, 0.66813708856464205, 0.5411160347352939, 0.56323907202834755, 0.66813708856464205, 0.64333279113302744, 0.66813708856464205, 0.34916864608076009)(2, 12, 'tanh', 0.77027485578554467, 0.77027485578554467, 0.72625620450947626, 0.72553574904042206, 0.77027485578554467, 0.764589501885236, 0.77027485578554467, 0.46386155412283681)(2, 12, 'relu', 0.53749575839837127, 0.53749575839837127, 0.47479336501138053, 0.45683260653170149, 0.53749575839837127, 0.54633817073846869, 0.53749575839837127, 1.7458432304038005)(2, 13, 'identity', 0.93959959280624361, 0.9395995928062435, 0.9392807734708587, 0.93934700478913691, 0.93959959280624361, 0.93872796737399045, 0.93959959280624361, 0.086528673227010522)(2, 13, 'logistic', 0.56769596199524941, 0.56769596199524941, 0.44218822492493387, 0.46758188905441433, 0.56769596199524941, 0.53779379127425797, 0.56769596199524941, 1.1163895486935866)(2, 13, 'tanh', 0.92466915507295555, 0.92466915507295555, 0.92385748401430579, 0.92415696412757342, 0.92466915507295555, 0.92248740193270351, 0.92466915507295555, 0.13267729894808281)(2, 13, 'relu', 0.64166949440108589, 0.64166949440108589, 0.57177599690379977, 0.57635118308346889, 0.64166949440108589, 0.63299849276473241, 0.64166949440108589, 0.57108924329826938)(2, 14, 'identity', 0.92025788937902953, 0.92025788937902953, 0.91860122251961085, 0.92047461472171033, 0.92025788937902953, 0.91765640422183703, 0.92025788937902953, 0.17746861214794707)(2, 14, 'logistic', 0.5890736342042755, 0.5890736342042755, 0.47092519486201917, 0.49700149858786574, 0.5890736342042755, 0.55910607362805442, 0.5890736342042755, 0.97692568713946382)(2, 14, 'tanh', 0.85069562266711907, 0.85069562266711896, 0.83972711231419372, 0.84830681753837267, 0.85069562266711907, 0.83989357495572758, 0.85069562266711907, 0.34781133355955207)(2, 14, 'relu', 0.53851374278927722, 0.53851374278927722, 0.45930720510843576, 0.44860517062525929, 0.53851374278927722, 0.54177088627671499, 0.53851374278927722, 1.1279267051238548)(2, 15, 'identity', 0.91177468612147949, 0.91177468612147949, 0.91051379783434871, 0.91143200462505325, 0.91177468612147949, 0.90926505595925333, 0.91177468612147949, 0.16219884628435696)(2, 15, 'logistic', 0.50118764845605701, 0.50118764845605701, 0.35881650772879814, 0.36375883655497498, 0.50118764845605701, 0.49055971670606496, 0.50118764845605701, 1.009840515778758)(2, 15, 'tanh', 0.78486596538853071, 0.78486596538853071, 0.73510894792642023, 0.73214767083869436, 0.78486596538853071, 0.78231649743421539, 0.78486596538853071, 0.48082796063793687)(2, 15, 'relu', 0.61384458771632167, 0.61384458771632167, 0.52859744067870773, 0.54855865941323245, 0.61384458771632167, 0.59221630608048492, 0.61384458771632167, 1.4394299287410925)(2, 16, 'identity', 0.92908042076688158, 0.92908042076688158, 0.92889249451127232, 0.92930760483610619, 0.92908042076688158, 0.9285056373216154, 0.92908042076688158, 0.12758737699355277)(2, 16, 'logistic', 0.67560230743128602, 0.67560230743128602, 0.55075961200263834, 0.5703656687175459, 0.67560230743128602, 0.65106173310223225, 0.67560230743128602, 0.7397353240583644)(2, 16, 'tanh', 0.66779776043434003, 0.66779776043434003, 0.55894433540625033, 0.58804935578330875, 0.66779776043434003, 0.63750197795915453, 0.66779776043434003, 0.76179165252799452)(2, 16, 'relu', 0.18221920597217509, 0.18221920597217509, 0.05137772675086108, 0.056172051439183711, 0.18221920597217509, 0.16666666666666666, 0.18221920597217509, 8.8944689514760782)(2, 17, 'identity', 0.93484899898201557, 0.93484899898201557, 0.9338873805318485, 0.9348674956021199, 0.93484899898201557, 0.9331053293412982, 0.93484899898201557, 0.087546657617916523)(2, 17, 'logistic', 0.68035290125551406, 0.68035290125551406, 0.55300595276115538, 0.57502221562201306, 0.68035290125551406, 0.65590309479437925, 0.68035290125551406, 0.32168306752629794)(2, 17, 'tanh', 0.77231082456735667, 0.77231082456735667, 0.72101776390794703, 0.71911993984074052, 0.77231082456735667, 0.76885134285544454, 0.77231082456735667, 0.23176111299626739)(2, 17, 'relu', 0.55310485239226337, 0.55310485239226337, 0.48939336012109402, 0.47122804723735789, 0.55310485239226337, 0.56263506087319526, 0.55310485239226337, 1.514760773668137)(2, 18, 'identity', 0.91652527994570754, 0.91652527994570754, 0.91647408402276886, 0.9165346112071866, 0.91652527994570754, 0.91568075805672722, 0.91652527994570754, 0.13233797081778079)(2, 18, 'logistic', 0.67424499491007805, 0.67424499491007805, 0.57105318174503694, 0.57305302183170526, 0.67424499491007805, 0.66709504211436033, 0.67424499491007805, 0.33288089582626401)(2, 18, 'tanh', 0.78995588734306077, 0.78995588734306077, 0.7352972424614076, 0.73214683729963281, 0.78995588734306077, 0.78755865718420492, 0.78995588734306077, 0.30777061418391582)(2, 18, 'relu', 0.9158466236851035, 0.9158466236851035, 0.91495722992283623, 0.91621565791521142, 0.9158466236851035, 0.9133484556614998, 0.9158466236851035, 0.15541228367831694)(2, 19, 'identity', 0.92602646759416352, 0.92602646759416352, 0.92613692314296159, 0.92604430471253485, 0.92602646759416352, 0.92526030651941504, 0.92602646759416352, 0.12385476756023074)(2, 19, 'logistic', 0.52154733627417715, 0.52154733627417715, 0.40631348763771341, 0.40953995945735427, 0.52154733627417715, 0.51087285942136507, 0.52154733627417715, 1.3152358330505598)(2, 19, 'tanh', 0.78758059043094675, 0.78758059043094675, 0.73209141840126979, 0.72961995878719121, 0.78758059043094675, 0.78627206006420758, 0.78758059043094675, 0.27757041058703769)(2, 19, 'relu', 0.79708177807940284, 0.79708177807940273, 0.72391559528136107, 0.74920616143592966, 0.79708177807940284, 0.77301380418651389, 0.79708177807940284, 0.23617237869019342)(2, 20, 'identity', 0.88937902952154735, 0.88937902952154746, 0.88810369857232307, 0.89025756570375603, 0.88937902952154735, 0.8869870624453503, 0.88937902952154735, 0.27960637936884969)(2, 20, 'logistic', 0.53376314896504917, 0.53376314896504917, 0.37636390362296046, 0.40091985400761887, 0.53376314896504917, 0.50334065740228484, 0.53376314896504917, 1.1981676280963691)(2, 20, 'tanh', 0.66779776043434003, 0.66779776043434003, 0.56103680406783196, 0.59012897218887228, 0.66779776043434003, 0.6377811735416663, 0.66779776043434003, 0.88734306073973535)(2, 20, 'relu', 0.9002375296912114, 0.9002375296912114, 0.89944020672216896, 0.90122285517061951, 0.9002375296912114, 0.89730513555635738, 0.9002375296912114, 0.13098065829657279)(2, 21, 'identity', 0.92806243637597552, 0.92806243637597552, 0.92605765851547373, 0.92832746111497066, 0.92806243637597552, 0.92515687005775249, 0.92806243637597552, 0.16864608076009502)(2, 21, 'logistic', 0.66949440108585001, 0.66949440108585001, 0.55882978102078928, 0.56113779121411866, 0.66949440108585001, 0.66202449762085569, 0.66949440108585001, 0.34340006786562605)(2, 21, 'tanh', 0.79674244994910082, 0.79674244994910082, 0.74429104861483897, 0.739953993611149, 0.79674244994910082, 0.79622028145694024, 0.79674244994910082, 0.58534102477095351)(2, 21, 'relu', 0.68476416694944009, 0.68476416694944009, 0.61311911631339744, 0.62017153363476363, 0.68476416694944009, 0.67272323993298133, 0.68476416694944009, 0.33932813030200204)(2, 22, 'identity', 0.91313199864268746, 0.91313199864268746, 0.91162320552972653, 0.91315276407596446, 0.91313199864268746, 0.91101162204891295, 0.91313199864268746, 0.18798778418730913)(2, 22, 'logistic', 0.675262979300984, 0.675262979300984, 0.55560092109954451, 0.575100080019608, 0.675262979300984, 0.65096829629595321, 0.675262979300984, 0.74312860536138448)(2, 22, 'tanh', 0.663386494740414, 0.663386494740414, 0.55033881108958249, 0.56993937184889987, 0.663386494740414, 0.63862804993080935, 0.663386494740414, 0.91686460807600945)(2, 22, 'relu', 0.88361045130641325, 0.88361045130641325, 0.88232073104040154, 0.88463971902002336, 0.88361045130641325, 0.88093930599010217, 0.88361045130641325, 0.26603325415676959)(2, 23, 'identity', 0.93688496776382757, 0.93688496776382757, 0.93590814368212172, 0.93722739771138552, 0.93688496776382757, 0.93547024857712235, 0.93688496776382757, 0.083814048184594508)(2, 23, 'logistic', 0.63182897862232779, 0.63182897862232779, 0.56437160535474451, 0.544341695239275, 0.63182897862232779, 0.64352838983974558, 0.63182897862232779, 0.89955887343060736)(2, 23, 'tanh', 0.89039701391245329, 0.89039701391245329, 0.88627935974804373, 0.88868975867029443, 0.89039701391245329, 0.88450182250885501, 0.89039701391245329, 0.21275873769935527)(2, 23, 'relu', 0.18221920597217509, 0.18221920597217509, 0.05137772675086108, 0.056172051439183711, 0.18221920597217509, 0.16666666666666666, 0.18221920597217509, 8.8944689514760782)(2, 24, 'identity', 0.92908042076688158, 0.92908042076688158, 0.92860987301428322, 0.92901259326107821, 0.92908042076688158, 0.92813429868228514, 0.92908042076688158, 0.10145911096029861)(2, 24, 'logistic', 0.66813708856464205, 0.66813708856464205, 0.55477259397316414, 0.55716231583347275, 0.66813708856464205, 0.660705021963511, 0.66813708856464205, 0.3542585680352901)(2, 24, 'tanh', 0.76993552765524265, 0.76993552765524276, 0.71017456613088548, 0.7094880967408036, 0.76993552765524265, 0.76652130462535417, 0.76993552765524265, 0.23210044112656938)(2, 24, 'relu', 0.5402103834407872, 0.5402103834407872, 0.47763727426947167, 0.45956459410979089, 0.5402103834407872, 0.54939116613017369, 0.5402103834407872, 1.6247030878859858)(2, 25, 'identity', 0.92365117068204949, 0.92365117068204949, 0.92224382549883799, 0.92378766870094764, 0.92365117068204949, 0.92237857138743229, 0.92365117068204949, 0.17305734645402104)(2, 25, 'logistic', 0.67424499491007805, 0.67424499491007805, 0.55672651120114691, 0.57651761927728595, 0.67424499491007805, 0.64925711188664381, 0.67424499491007805, 0.75839837122497455)(2, 25, 'tanh', 0.78486596538853071, 0.78486596538853071, 0.73198384698991348, 0.73042669852793352, 0.78486596538853071, 0.7823285848160344, 0.78486596538853071, 0.38310145911096027)(2, 25, 'relu', 0.90261282660332542, 0.90261282660332542, 0.9002377541888239, 0.90246355189774907, 0.90261282660332542, 0.90019052109524733, 0.90261282660332542, 0.24601289446895147)(3, 0, 'identity', 0.94502884289107569, 0.94502884289107569, 0.94498787856546007, 0.94480566955269529, 0.94502884289107569, 0.94461417130499647, 0.94502884289107569, 0.086528673227010522)(3, 0, 'logistic', 0.80929759077027486, 0.80929759077027486, 0.75639239814374637, 0.75360610597831368, 0.80929759077027486, 0.80757945985152835, 0.80929759077027486, 0.21106209704784526)(3, 0, 'tanh', 0.93383101459110962, 0.93383101459110973, 0.93343875036887847, 0.9340074854926278, 0.93383101459110962, 0.93291520731376387, 0.93383101459110962, 0.31252120800814387)(3, 0, 'relu', 0.9294197488971836, 0.9294197488971836, 0.92844683609583656, 0.92930659233719382, 0.9294197488971836, 0.92764438708079711, 0.9294197488971836, 0.093993892093654566)(3, 1, 'identity', 0.95045809297590766, 0.95045809297590766, 0.95057740295376825, 0.95026954791744611, 0.95045809297590766, 0.95010501444633444, 0.95045809297590766, 0.076688157448252456)(3, 1, 'logistic', 0.67424499491007805, 0.67424499491007805, 0.55902326928453905, 0.57760648987903707, 0.67424499491007805, 0.65032641612991415, 0.67424499491007805, 0.74007465218866642)(3, 1, 'tanh', 0.94129623345775359, 0.94129623345775359, 0.94152209390251318, 0.94145937524777268, 0.94129623345775359, 0.94064834695529698, 0.94129623345775359, 0.19172039362063115)(3, 1, 'relu', 0.88191381065490326, 0.88191381065490326, 0.87925930592688284, 0.88220776007549762, 0.88191381065490326, 0.87851376389874236, 0.88191381065490326, 0.3043773328808958)(3, 2, 'identity', 0.94536817102137771, 0.94536817102137771, 0.94463444643589156, 0.94520541783985301, 0.94536817102137771, 0.94485554131183402, 0.94536817102137771, 0.10451306413301663)(3, 2, 'logistic', 0.80624363759755679, 0.80624363759755691, 0.73778088815835208, 0.76076368896893676, 0.80624363759755679, 0.78236436842066703, 0.80624363759755679, 0.6243637597556837)(3, 2, 'tanh', 0.94842212419409566, 0.94842212419409566, 0.94912643630032478, 0.94849445363986651, 0.94842212419409566, 0.94876449880934599, 0.94842212419409566, 0.28198167628096371)(3, 2, 'relu', 0.94435018663047166, 0.94435018663047166, 0.94450512662275543, 0.94451163865835241, 0.94435018663047166, 0.94379618888909589, 0.94435018663047166, 0.089243298269426535)(3, 3, 'identity', 0.95079742110620968, 0.95079742110620968, 0.95077046010452593, 0.95082926690671254, 0.95079742110620968, 0.95003524848895571, 0.95079742110620968, 0.064811672887682387)(3, 3, 'logistic', 0.81744146589752287, 0.81744146589752287, 0.74571913113638522, 0.76861849376444424, 0.81744146589752287, 0.79403275713075472, 0.81744146589752287, 0.69358669833729214)(3, 3, 'tanh', 0.93213437393959964, 0.93213437393959964, 0.93183856225500439, 0.93218749417376501, 0.93213437393959964, 0.9308509274280734, 0.93213437393959964, 0.16457414319647098)(3, 3, 'relu', 0.92602646759416352, 0.92602646759416352, 0.92627833010920479, 0.92611389601817851, 0.92602646759416352, 0.92526940241342859, 0.92602646759416352, 0.1350525958601968)(3, 4, 'identity', 0.95045809297590766, 0.95045809297590766, 0.94942392766885375, 0.9502551444786056, 0.95045809297590766, 0.94907975244516674, 0.95045809297590766, 0.099083814048184601)(3, 4, 'logistic', 0.81472684085510694, 0.81472684085510694, 0.74308137445684397, 0.76587286959990375, 0.81472684085510694, 0.79126266876015905, 0.81472684085510694, 0.60264675941635559)(3, 4, 'tanh', 0.8082796063793688, 0.80827960637936891, 0.75436889295875176, 0.7513958242876948, 0.8082796063793688, 0.80601678622722039, 0.8082796063793688, 0.30471666101119782)(3, 4, 'relu', 0.93009840515778763, 0.93009840515778763, 0.93065202459236163, 0.93063155165095124, 0.93009840515778763, 0.92967403757978406, 0.93009840515778763, 0.14557176789955886)(3, 5, 'identity', 0.92297251442144557, 0.92297251442144557, 0.92107089860066294, 0.92319465255740307, 0.92297251442144557, 0.92096242048267551, 0.92297251442144557, 0.15507295554801492)(3, 5, 'logistic', 0.68001357312521205, 0.68001357312521205, 0.55284359712370001, 0.57482735638094185, 0.68001357312521205, 0.65562839963498287, 0.68001357312521205, 0.32304038004750596)(3, 5, 'tanh', 0.81303020020359684, 0.81303020020359684, 0.75911987512432599, 0.75580172783101407, 0.81303020020359684, 0.81117528900327651, 0.81303020020359684, 0.21241940956905328)(3, 5, 'relu', 0.90397013912453339, 0.90397013912453339, 0.90471900774340053, 0.90454087473278688, 0.90397013912453339, 0.90275724646726652, 0.90397013912453339, 0.18323719036308109)(3, 6, 'identity', 0.94774346793349173, 0.94774346793349173, 0.94763173323820127, 0.9476373396199953, 0.94774346793349173, 0.94709378552129164, 0.94774346793349173, 0.10926365795724466)(3, 6, 'logistic', 0.64133016627078387, 0.64133016627078387, 0.58026653156355656, 0.56128996818858234, 0.64133016627078387, 0.65283576872037963, 0.64133016627078387, 0.90532745164574147)(3, 6, 'tanh', 0.93315235833050558, 0.93315235833050558, 0.93326764773682858, 0.93257623857043326, 0.93315235833050558, 0.93261976689094539, 0.93315235833050558, 0.082117407533084497)(3, 6, 'relu', 0.90091618595181544, 0.90091618595181544, 0.90140941484559045, 0.90156596050667803, 0.90091618595181544, 0.89961003880040025, 0.90091618595181544, 0.12521208008143875)(3, 7, 'identity', 0.94027824906684765, 0.94027824906684765, 0.93999154550125696, 0.94024720393603034, 0.94027824906684765, 0.93910125767845054, 0.94027824906684765, 0.08076009501187649)(3, 7, 'logistic', 0.80115371564302684, 0.80115371564302684, 0.7478820033058784, 0.74522923450162204, 0.80115371564302684, 0.79846365811293352, 0.80115371564302684, 0.24872751951136748)(3, 7, 'tanh', 0.93009840515778763, 0.93009840515778763, 0.92979237709226636, 0.93012668123716924, 0.93009840515778763, 0.92926398878877847, 0.93009840515778763, 0.083135391923990498)(3, 7, 'relu', 0.93111638954869358, 0.93111638954869358, 0.93159531669850237, 0.93130459332399174, 0.93111638954869358, 0.93102787024631306, 0.93111638954869358, 0.15439429928741091)(3, 8, 'identity', 0.9511367492365117, 0.9511367492365117, 0.95031293471994782, 0.95103791270180205, 0.9511367492365117, 0.94978612706547105, 0.9511367492365117, 0.057007125890736345)(3, 8, 'logistic', 0.94367153036986762, 0.94367153036986762, 0.94323362778972764, 0.94357981166353588, 0.94367153036986762, 0.94296605660472366, 0.94367153036986762, 0.24499491007804547)(3, 8, 'tanh', 0.93926026467594159, 0.93926026467594159, 0.93885589270672198, 0.93930697632144955, 0.93926026467594159, 0.93889424588976234, 0.93926026467594159, 0.32982694265354595)(3, 8, 'relu', 0.94367153036986762, 0.94367153036986762, 0.94381046451492578, 0.94382805094801725, 0.94367153036986762, 0.94280288023816194, 0.94367153036986762, 0.21513403461146929)(3, 9, 'identity', 0.92806243637597552, 0.92806243637597552, 0.92762861205279246, 0.92810148349206878, 0.92806243637597552, 0.92654291389383292, 0.92806243637597552, 0.099423142178486593)(3, 9, 'logistic', 0.80217170003393279, 0.8021717000339329, 0.7507060326174132, 0.74836101994448001, 0.80217170003393279, 0.80051781288990431, 0.80217170003393279, 0.22938581608415337)(3, 9, 'tanh', 0.92975907702748561, 0.92975907702748561, 0.92897772214939878, 0.92927875553580508, 0.92975907702748561, 0.92814968514929885, 0.92975907702748561, 0.079402782490668483)(3, 9, 'relu', 0.91279267051238544, 0.91279267051238544, 0.91093654045402728, 0.91387295007449276, 0.91279267051238544, 0.91133836778624711, 0.91279267051238544, 0.20020359687818121)(3, 10, 'identity', 0.93009840515778763, 0.93009840515778763, 0.9291754116645391, 0.93034036256975916, 0.93009840515778763, 0.92862891220643162, 0.93009840515778763, 0.11062097047845267)(3, 10, 'logistic', 0.80963691890057687, 0.80963691890057687, 0.73890310617982757, 0.76148110972664906, 0.80963691890057687, 0.78583266269272212, 0.80963691890057687, 0.60773668137088566)(3, 10, 'tanh', 0.93790295215473363, 0.93790295215473363, 0.93718209790116935, 0.93799070684278774, 0.93790295215473363, 0.93669927838084988, 0.93790295215473363, 0.10960298608754666)(3, 10, 'relu', 0.94638615541228366, 0.94638615541228366, 0.9464581019089694, 0.94630675969793299, 0.94638615541228366, 0.94543374271543679, 0.94638615541228366, 0.08008143875127248)(3, 11, 'identity', 0.94536817102137771, 0.94536817102137771, 0.94437503889338348, 0.94504159657380304, 0.94536817102137771, 0.9440917101142855, 0.94536817102137771, 0.081099423142178481)(3, 11, 'logistic', 0.79165252799457075, 0.79165252799457075, 0.73666706991934328, 0.75607314196121556, 0.79165252799457075, 0.76969542495215426, 0.79165252799457075, 0.60230743128605357)(3, 11, 'tanh', 0.94231421784865965, 0.94231421784865965, 0.94268498078216678, 0.94207675936471147, 0.94231421784865965, 0.94217947503830624, 0.94231421784865965, 0.074991516796742444)(3, 11, 'relu', 0.85341024770953511, 0.85341024770953522, 0.85189451971911145, 0.8521681530144205, 0.85341024770953511, 0.85045786115503086, 0.85341024770953511, 0.31828978622327792)(3, 12, 'identity', 0.93756362402443161, 0.93756362402443161, 0.93647970508974465, 0.9375297950730711, 0.93756362402443161, 0.93698335850361092, 0.93756362402443161, 0.12453342382083475)(3, 12, 'logistic', 0.81099423142178484, 0.81099423142178484, 0.75761807953244487, 0.75493284965723417, 0.81099423142178484, 0.80961388434495474, 0.81099423142178484, 0.21649134713267729)(3, 12, 'tanh', 0.93077706141839156, 0.93077706141839156, 0.93014427641030295, 0.93099198649941783, 0.93077706141839156, 0.93078773897601064, 0.93077706141839156, 0.28876823888700376)(3, 12, 'relu', 0.54971157108924329, 0.54971157108924329, 0.48733423560092426, 0.46855653072754938, 0.54971157108924329, 0.55998341600868828, 0.54971157108924329, 1.6019681031557516)(3, 13, 'identity', 0.93383101459110962, 0.93383101459110973, 0.93290448553400918, 0.93402925697089734, 0.93383101459110962, 0.93232539705429884, 0.93383101459110962, 0.096369189005768574)(3, 13, 'logistic', 0.93722429589412959, 0.93722429589412959, 0.93590074357649577, 0.93706361964389295, 0.93722429589412959, 0.93634006866568242, 0.93722429589412959, 0.12589073634204276)(3, 13, 'tanh', 0.9334916864608076, 0.9334916864608076, 0.93187553253053357, 0.9332540911930991, 0.9334916864608076, 0.932142890966002, 0.9334916864608076, 0.12758737699355277)(3, 13, 'relu', 0.94502884289107569, 0.94502884289107569, 0.94467826370419417, 0.94508555399968575, 0.94502884289107569, 0.94335198078125193, 0.94502884289107569, 0.11808618934509671)(3, 14, 'identity', 0.94401085850016964, 0.94401085850016964, 0.94307826979832032, 0.94380522556427127, 0.94401085850016964, 0.94316989846343313, 0.94401085850016964, 0.11401425178147269)(3, 14, 'logistic', 0.79979640312181877, 0.79979640312181877, 0.73661262349240031, 0.75887892425050318, 0.79979640312181877, 0.77614582668527188, 0.79979640312181877, 0.59721750933152362)(3, 14, 'tanh', 0.95826263997285377, 0.95826263997285377, 0.95781125788626342, 0.95822346571234129, 0.95826263997285377, 0.95798836504081386, 0.95826263997285377, 0.04886325076348829)(3, 14, 'relu', 0.93417034272141164, 0.93417034272141153, 0.93257234730330918, 0.93402409175538004, 0.93417034272141164, 0.93200285055297805, 0.93417034272141164, 0.10044112656939261)(3, 15, 'identity', 0.94638615541228366, 0.94638615541228366, 0.94589999636313016, 0.94594636344051475, 0.94638615541228366, 0.94574006839532465, 0.94638615541228366, 0.089243298269426535)(3, 15, 'logistic', 0.81913810654903296, 0.81913810654903296, 0.74523349651598447, 0.77053551630697714, 0.81913810654903296, 0.79561483756642593, 0.81913810654903296, 0.1849338310145911)(3, 15, 'tanh', 0.94333220223956571, 0.94333220223956571, 0.94238680915723272, 0.94316634621686979, 0.94333220223956571, 0.94161406835754546, 0.94333220223956571, 0.071937563624024425)(3, 15, 'relu', 0.92534781133355959, 0.92534781133355959, 0.92349135912269187, 0.92520259713820252, 0.92534781133355959, 0.92365775281483919, 0.92534781133355959, 0.092975907702748564)(3, 16, 'identity', 0.93959959280624361, 0.9395995928062435, 0.93829438774160556, 0.9396794889292881, 0.93959959280624361, 0.93852771602557716, 0.93959959280624361, 0.12012215812690873)(3, 16, 'logistic', 0.87343060739735323, 0.87343060739735323, 0.86749016920169719, 0.87236069771150238, 0.87343060739735323, 0.86567331564596139, 0.87343060739735323, 0.14387512724804885)(3, 16, 'tanh', 0.94333220223956571, 0.94333220223956571, 0.94247186249713188, 0.94328334444389517, 0.94333220223956571, 0.94199572008213062, 0.94333220223956571, 0.10044112656939261)(3, 16, 'relu', 0.91890057685782156, 0.91890057685782156, 0.91801822716795156, 0.91900148772999479, 0.91890057685782156, 0.9172708096047818, 0.91890057685782156, 0.26433661350525961)(3, 17, 'identity', 0.92466915507295555, 0.92466915507295555, 0.92271576596383476, 0.92482228052123427, 0.92466915507295555, 0.92243608350555595, 0.92466915507295555, 0.14726840855106887)(3, 17, 'logistic', 0.93993892093654563, 0.93993892093654563, 0.93968867476824613, 0.94009516448014996, 0.93993892093654563, 0.93997790463529662, 0.93993892093654563, 0.27349847302341362)(3, 17, 'tanh', 0.82015609093993891, 0.82015609093993891, 0.7782414699640583, 0.77440312766821984, 0.82015609093993891, 0.81955127842027586, 0.82015609093993891, 0.22667119104173736)(3, 17, 'relu', 0.94095690532745169, 0.94095690532745169, 0.94116859885371529, 0.94114561261402219, 0.94095690532745169, 0.9401771678267995, 0.94095690532745169, 0.15134034611469291)(3, 18, 'identity', 0.92500848320325757, 0.92500848320325757, 0.92462278604461157, 0.92516842480342587, 0.92500848320325757, 0.92401756179790839, 0.92500848320325757, 0.13810654903291483)(3, 18, 'logistic', 0.81269087207329482, 0.81269087207329482, 0.74302903423143019, 0.76598464760946783, 0.81269087207329482, 0.78849847063135936, 0.81269087207329482, 0.61893450967085173)(3, 18, 'tanh', 0.94299287410926369, 0.94299287410926369, 0.94302029995679482, 0.94307279140138656, 0.94299287410926369, 0.94191191092383209, 0.94299287410926369, 0.17237869019341703)(3, 18, 'relu', 0.92161520190023749, 0.92161520190023738, 0.92039276571545992, 0.92146019490152631, 0.92161520190023749, 0.91977730172176397, 0.92161520190023749, 0.14658975229046489)(3, 19, 'identity', 0.9314557176789956, 0.9314557176789956, 0.9304678732282059, 0.93090259327769098, 0.9314557176789956, 0.93001603340913219, 0.9314557176789956, 0.096029860875466583)(3, 19, 'logistic', 0.79742110620970474, 0.79742110620970474, 0.72554690585900861, 0.75048187214005979, 0.79742110620970474, 0.77368360785355395, 0.79742110620970474, 0.21275873769935527)(3, 19, 'tanh', 0.94672548354258568, 0.94672548354258568, 0.94633816037805785, 0.94646195101144581, 0.94672548354258568, 0.94553300793215123, 0.94672548354258568, 0.081778079402782491)(3, 19, 'relu', 0.92365117068204949, 0.92365117068204949, 0.92140058229870136, 0.9239731984838282, 0.92365117068204949, 0.9219158812845919, 0.92365117068204949, 0.16253817441465898)(3, 20, 'identity', 0.92704445198506957, 0.92704445198506957, 0.9270952906344968, 0.92725567609955151, 0.92704445198506957, 0.92610586683031937, 0.92704445198506957, 0.095351204614862572)(3, 20, 'logistic', 0.81065490329148282, 0.81065490329148282, 0.73974299463695814, 0.76244922583831687, 0.81065490329148282, 0.78693124265012349, 0.81065490329148282, 0.61588055649813367)(3, 20, 'tanh', 0.9470648116728877, 0.9470648116728877, 0.94716290337540887, 0.9470883356894565, 0.9470648116728877, 0.94661483170103811, 0.9470648116728877, 0.072276891754326431)(3, 20, 'relu', 0.92908042076688158, 0.92908042076688158, 0.92896847656532966, 0.92910181845300843, 0.92908042076688158, 0.92913590416044123, 0.92908042076688158, 0.10994231421784866)(3, 21, 'identity', 0.94061757719714967, 0.94061757719714967, 0.93960183890440352, 0.9405149225945626, 0.94061757719714967, 0.93891857843899595, 0.94061757719714967, 0.091957923311842549)(3, 21, 'logistic', 0.87852052935188329, 0.87852052935188329, 0.86862824174371644, 0.87628799940729141, 0.87852052935188329, 0.86826554005419332, 0.87852052935188329, 0.13776722090261281)(3, 21, 'tanh', 0.94604682728198164, 0.94604682728198164, 0.94565189917558456, 0.94598425947503084, 0.94604682728198164, 0.94463739728103635, 0.94604682728198164, 0.071937563624024425)(3, 21, 'relu', 0.92127587376993558, 0.92127587376993558, 0.92119349964099706, 0.92161525354287621, 0.92127587376993558, 0.91963684727780226, 0.92127587376993558, 0.23210044112656938)(3, 22, 'identity', 0.95453003053953178, 0.95453003053953178, 0.95424216482764646, 0.95437658838465445, 0.95453003053953178, 0.95444265571760678, 0.95453003053953178, 0.081099423142178481)(3, 22, 'logistic', 0.93111638954869358, 0.93111638954869358, 0.92946528753670921, 0.9309834055252082, 0.93111638954869358, 0.92997682668862003, 0.93111638954869358, 0.15337631489650491)(3, 22, 'tanh', 0.94536817102137771, 0.94536817102137771, 0.94546612061348467, 0.94480770680550419, 0.94536817102137771, 0.94432666496577899, 0.94536817102137771, 0.17068204954190702)(3, 22, 'relu', 0.92263318629114355, 0.92263318629114355, 0.92122548258888759, 0.92237151324630029, 0.92263318629114355, 0.92041986285084521, 0.92263318629114355, 0.18459450288428911)(3, 23, 'identity', 0.95011876484560565, 0.95011876484560565, 0.94957238149480394, 0.94984867443250243, 0.95011876484560565, 0.94881634506166268, 0.95011876484560565, 0.060061079063454363)(3, 23, 'logistic', 0.83983712249745501, 0.8398371224974549, 0.80925077461342665, 0.80524929809337675, 0.83983712249745501, 0.83879007135683115, 0.83983712249745501, 0.4462164913471327)(3, 23, 'tanh', 0.95147607736681372, 0.95147607736681372, 0.9517742893869533, 0.9514774970279628, 0.95147607736681372, 0.95093316630623637, 0.95147607736681372, 0.055649813369528331)(3, 23, 'relu', 0.60977265015269766, 0.60977265015269766, 0.55579650576435691, 0.53630696722282623, 0.60977265015269766, 0.62154427650972677, 0.60977265015269766, 1.2141160502205632)(3, 24, 'identity', 0.95181540549711574, 0.95181540549711574, 0.95145856192757938, 0.95180240183489773, 0.95181540549711574, 0.95081596310953487, 0.95181540549711574, 0.065151001017984392)(3, 24, 'logistic', 0.80963691890057687, 0.80963691890057687, 0.73863982981730925, 0.76098578227344782, 0.80963691890057687, 0.78652912132204034, 0.80963691890057687, 0.6067186969799796)(3, 24, 'tanh', 0.94842212419409566, 0.94842212419409566, 0.94854333426585347, 0.94827620068474694, 0.94842212419409566, 0.94729245556239583, 0.94842212419409566, 0.067865626060400405)(3, 24, 'relu', 0.91957923311842549, 0.91957923311842549, 0.91741692566597355, 0.92024637414789812, 0.91957923311842549, 0.91774626348523825, 0.91957923311842549, 0.16593145571767901)(3, 25, 'identity', 0.93824228028503565, 0.93824228028503565, 0.93730988192374631, 0.93802645287321518, 0.93824228028503565, 0.93693422193111964, 0.93824228028503565, 0.10620970478452664)(3, 25, 'logistic', 0.94197488971835763, 0.94197488971835763, 0.9405704951523659, 0.94180272259182685, 0.94197488971835763, 0.94032397364744702, 0.94197488971835763, 0.081438751272480486)(3, 25, 'tanh', 0.93518832711231759, 0.93518832711231759, 0.93500283230970493, 0.93498205005779134, 0.93518832711231759, 0.93349511373623473, 0.93518832711231759, 0.27146250424160162)(3, 25, 'relu', 0.90498812351543945, 0.90498812351543945, 0.90350454517537537, 0.90537756129629965, 0.90498812351543945, 0.90273767515119696, 0.90498812351543945, 0.23786901934170343)(4, 0, 'identity', 0.94163556158805561, 0.94163556158805561, 0.94048293376079284, 0.94155220016459917, 0.94163556158805561, 0.94016264746415468, 0.94163556158805561, 0.11096029860875467)(4, 0, 'logistic', 0.81336952833389886, 0.81336952833389886, 0.76097694671062099, 0.75784862572985301, 0.81336952833389886, 0.81154013238097755, 0.81336952833389886, 0.20190023752969122)(4, 0, 'tanh', 0.95894129623345781, 0.9589412962334577, 0.95866903129015535, 0.95891642139751543, 0.95894129623345781, 0.95844285566254594, 0.95894129623345781, 0.078384798099762468)(4, 0, 'relu', 0.91957923311842549, 0.91957923311842549, 0.91955087327729623, 0.91971865437594036, 0.91957923311842549, 0.91851595870128211, 0.91957923311842549, 0.13064133016627077)(4, 1, 'identity', 0.93315235833050558, 0.93315235833050558, 0.93252033673932155, 0.93332060114578796, 0.93315235833050558, 0.93186186870367649, 0.93315235833050558, 0.10654903291482865)(4, 1, 'logistic', 0.94333220223956571, 0.94333220223956571, 0.94279721616710133, 0.94338854328992328, 0.94333220223956571, 0.9426596051589895, 0.94333220223956571, 0.088225313878520534)(4, 1, 'tanh', 0.94129623345775359, 0.94129623345775359, 0.94091190969084171, 0.94138275970527496, 0.94129623345775359, 0.93915789110123404, 0.94129623345775359, 0.10044112656939261)(4, 1, 'relu', 0.54801493043773331, 0.54801493043773331, 0.48470237158261736, 0.46613834307313079, 0.54801493043773331, 0.55785984570528435, 0.54801493043773331, 1.6230064472344758)(4, 2, 'identity', 0.95894129623345781, 0.9589412962334577, 0.95913107285617782, 0.95889512181749437, 0.95894129623345781, 0.95913112505770715, 0.95894129623345781, 0.070240922972514427)(4, 2, 'logistic', 0.93654563963352566, 0.93654563963352566, 0.93548024992732692, 0.93638858872418618, 0.93654563963352566, 0.93499612176811009, 0.93654563963352566, 0.10315575161180862)(4, 2, 'tanh', 0.94231421784865965, 0.94231421784865965, 0.94264246387548978, 0.94240612322217243, 0.94231421784865965, 0.94159690031824139, 0.94231421784865965, 0.15405497115710892)(4, 2, 'relu', 0.92670512385476755, 0.92670512385476755, 0.92652237772848134, 0.92681814412250974, 0.92670512385476755, 0.92599657154898163, 0.92670512385476755, 0.24397692568713947)(4, 3, 'identity', 0.94842212419409566, 0.94842212419409566, 0.9482941033516572, 0.9482752878956987, 0.94842212419409566, 0.94775879636213256, 0.94842212419409566, 0.092975907702748564)(4, 3, 'logistic', 0.93688496776382757, 0.93688496776382757, 0.93721226827946691, 0.93684765974872986, 0.93688496776382757, 0.93686067597006051, 0.93688496776382757, 0.081438751272480486)(4, 3, 'tanh', 0.94163556158805561, 0.94163556158805561, 0.94222880835932532, 0.94157408206981896, 0.94163556158805561, 0.94142564579103016, 0.94163556158805561, 0.082796063793688493)(4, 3, 'relu', 0.94401085850016964, 0.94401085850016964, 0.94345130198267502, 0.94390085141668534, 0.94401085850016964, 0.9422392892613547, 0.94401085850016964, 0.066847641669494404)(4, 4, 'identity', 0.94468951476077367, 0.94468951476077367, 0.94376398345698342, 0.94471412056495629, 0.94468951476077367, 0.94328172914811237, 0.94468951476077367, 0.081778079402782491)(4, 4, 'logistic', 0.94061757719714967, 0.94061757719714967, 0.94058404733317058, 0.94075764283152064, 0.94061757719714967, 0.93962056138370098, 0.94061757719714967, 0.1825585341024771)(4, 4, 'tanh', 0.93009840515778763, 0.93009840515778763, 0.93021698129805808, 0.93026499681931918, 0.93009840515778763, 0.92964537671318226, 0.93009840515778763, 0.095351204614862572)(4, 4, 'relu', 0.91550729555480148, 0.91550729555480148, 0.91508765360547351, 0.91546026623450283, 0.91550729555480148, 0.91315018109866231, 0.91550729555480148, 0.13335595520868679)(4, 5, 'identity', 0.94061757719714967, 0.94061757719714967, 0.93972291779657235, 0.94062174728993453, 0.94061757719714967, 0.93830387648258817, 0.94061757719714967, 0.087546657617916523)(4, 5, 'logistic', 0.92704445198506957, 0.92704445198506957, 0.92582959080936522, 0.92656464268146754, 0.92704445198506957, 0.92612340601852061, 0.92704445198506957, 0.15032236172378691)(4, 5, 'tanh', 0.94435018663047166, 0.94435018663047166, 0.94403305403264381, 0.94444935107636541, 0.94435018663047166, 0.94390407705600665, 0.94435018663047166, 0.090600610790634542)(4, 5, 'relu', 0.90668476416694943, 0.90668476416694943, 0.90435535901514408, 0.90746619597487266, 0.90668476416694943, 0.90445355802413285, 0.90668476416694943, 0.19511367492365117)(4, 6, 'identity', 0.93213437393959964, 0.93213437393959964, 0.93088385303791066, 0.9326682593085649, 0.93213437393959964, 0.93244545338259843, 0.93213437393959964, 0.13573125212080081)(4, 6, 'logistic', 0.95385137427892774, 0.95385137427892774, 0.95402572277064746, 0.95387760396873178, 0.95385137427892774, 0.95307901978462173, 0.95385137427892774, 0.072276891754326431)(4, 6, 'tanh', 0.95045809297590766, 0.95045809297590766, 0.95088315429574222, 0.9503775947145835, 0.95045809297590766, 0.9498696951576332, 0.95045809297590766, 0.11163895486935867)(4, 6, 'relu', 0.94808279606379364, 0.94808279606379364, 0.94812950371889249, 0.94787800704938963, 0.94808279606379364, 0.94769956301332858, 0.94808279606379364, 0.098744485917882596)(4, 7, 'identity', 0.95215473362741776, 0.95215473362741776, 0.95191347385744318, 0.95204079437047728, 0.95215473362741776, 0.95163228510698572, 0.95215473362741776, 0.060061079063454363)(4, 7, 'logistic', 0.94401085850016964, 0.94401085850016964, 0.9452586435642476, 0.94410522413579656, 0.94401085850016964, 0.94430871219898693, 0.94401085850016964, 0.066168985408890393)(4, 7, 'tanh', 0.95588734306073975, 0.95588734306073975, 0.95632430772914689, 0.95584223726457873, 0.95588734306073975, 0.95591747928031667, 0.95588734306073975, 0.052256532066508314)(4, 7, 'relu', 0.94468951476077367, 0.94468951476077367, 0.94475789774552965, 0.94459466236874789, 0.94468951476077367, 0.94456204534926569, 0.94468951476077367, 0.076348829317950465)(4, 8, 'identity', 0.94604682728198164, 0.94604682728198164, 0.94593679557389099, 0.94622462837161847, 0.94604682728198164, 0.94559349122769021, 0.94604682728198164, 0.086189345096708517)(4, 8, 'logistic', 0.93654563963352566, 0.93654563963352566, 0.93558539782221606, 0.93656079736739983, 0.93654563963352566, 0.93595512434984096, 0.93654563963352566, 0.098065829657278586)(4, 8, 'tanh', 0.94502884289107569, 0.94502884289107569, 0.94558371510490857, 0.94492293680827488, 0.94502884289107569, 0.94515043300712831, 0.94502884289107569, 0.21784865965388531)(4, 8, 'relu', 0.89854088903970142, 0.89854088903970142, 0.90024940232057038, 0.89882714183003365, 0.89854088903970142, 0.89958819718082994, 0.89854088903970142, 0.54292500848320324)(4, 9, 'identity', 0.93824228028503565, 0.93824228028503565, 0.93773955418307631, 0.9382837577365688, 0.93824228028503565, 0.93727206270510399, 0.93824228028503565, 0.0841533763148965)(4, 9, 'logistic', 0.95622667119104177, 0.95622667119104177, 0.95641565442998167, 0.95606425852507004, 0.95622667119104177, 0.95578897313531586, 0.95622667119104177, 0.054971157108924328)(4, 9, 'tanh', 0.94231421784865965, 0.94231421784865965, 0.9423545115525952, 0.94240216571500224, 0.94231421784865965, 0.94131594287512665, 0.94231421784865965, 0.065829657278588388)(4, 9, 'relu', 0.92908042076688158, 0.92908042076688158, 0.92806498647655788, 0.92917023333984572, 0.92908042076688158, 0.92797805619655938, 0.92908042076688158, 0.20834747200542925)(4, 10, 'identity', 0.94672548354258568, 0.94672548354258568, 0.94665104288319313, 0.94658119301829302, 0.94672548354258568, 0.94596814951380226, 0.94672548354258568, 0.1007804546996946)(4, 10, 'logistic', 0.94808279606379364, 0.94808279606379364, 0.94720771647887891, 0.9477216667659264, 0.94808279606379364, 0.94758156243767322, 0.94808279606379364, 0.091618595181540544)(4, 10, 'tanh', 0.9355276552426196, 0.9355276552426196, 0.93459312987164278, 0.9356692852655325, 0.9355276552426196, 0.93502656234728587, 0.9355276552426196, 0.14760773668137089)(4, 10, 'relu', 0.9294197488971836, 0.9294197488971836, 0.92827363388701001, 0.92927779701159707, 0.9294197488971836, 0.92828523287039333, 0.9294197488971836, 0.11605022056328469)(4, 11, 'identity', 0.93620631150322364, 0.93620631150322364, 0.93623274809827628, 0.93591911261172911, 0.93620631150322364, 0.93550543714030587, 0.93620631150322364, 0.082117407533084497)(4, 11, 'logistic', 0.94944010858500172, 0.94944010858500172, 0.9486393185506915, 0.94928264355898606, 0.94944010858500172, 0.94863700746326207, 0.94944010858500172, 0.065829657278588388)(4, 11, 'tanh', 0.95656599932134379, 0.95656599932134379, 0.95683743411862432, 0.95639677379495169, 0.95656599932134379, 0.95612036471100958, 0.95656599932134379, 0.056667797760434339)(4, 11, 'relu', 0.93450967085171366, 0.93450967085171366, 0.9333506256083991, 0.93445040286850878, 0.93450967085171366, 0.93272602323781673, 0.93450967085171366, 0.16661011197828299)(4, 12, 'identity', 0.9470648116728877, 0.9470648116728877, 0.9469755047112498, 0.94715494557663005, 0.9470648116728877, 0.94772531268452276, 0.9470648116728877, 0.18696979979640313)(4, 12, 'logistic', 0.80861893450967082, 0.80861893450967082, 0.74877723545911312, 0.77053614534978943, 0.80861893450967082, 0.78526049345434024, 0.80861893450967082, 0.61486257210722772)(4, 12, 'tanh', 0.93926026467594159, 0.93926026467594159, 0.93856787719790657, 0.93937139200242026, 0.93926026467594159, 0.93861847229950046, 0.93926026467594159, 0.10044112656939261)(4, 12, 'relu', 0.92908042076688158, 0.92908042076688158, 0.92820351805058809, 0.92899284899434875, 0.92908042076688158, 0.92823691430091593, 0.92908042076688158, 0.18018323719036308)(4, 13, 'identity', 0.93417034272141164, 0.93417034272141153, 0.93378527654431498, 0.93391948486212717, 0.93417034272141164, 0.93229658349018429, 0.93417034272141164, 0.078045469969460463)(4, 13, 'logistic', 0.94367153036986762, 0.94367153036986762, 0.94354380474615462, 0.94374011531405255, 0.94367153036986762, 0.94300193360986417, 0.94367153036986762, 0.098065829657278586)(4, 13, 'tanh', 0.94435018663047166, 0.94435018663047166, 0.94395498985210546, 0.94445576615709537, 0.94435018663047166, 0.94266877473271748, 0.94435018663047166, 0.070919579233118424)(4, 13, 'relu', 0.94468951476077367, 0.94468951476077367, 0.94427781951996781, 0.94461165727129925, 0.94468951476077367, 0.94348279083059428, 0.94468951476077367, 0.069222938581608412)(4, 14, 'identity', 0.94435018663047166, 0.94435018663047166, 0.94329542309424552, 0.94434189121449452, 0.94435018663047166, 0.94229949648630751, 0.94435018663047166, 0.074991516796742444)(4, 14, 'logistic', 0.94468951476077367, 0.94468951476077367, 0.94380315234613033, 0.94460464983268877, 0.94468951476077367, 0.94341108701340526, 0.94468951476077367, 0.070580251102816419)(4, 14, 'tanh', 0.9470648116728877, 0.9470648116728877, 0.94647698007684766, 0.94709526739105931, 0.9470648116728877, 0.94675266439568329, 0.9470648116728877, 0.073294876145232446)(4, 14, 'relu', 0.92534781133355959, 0.92534781133355959, 0.92404588496086715, 0.92557094761901115, 0.92534781133355959, 0.92202384314119001, 0.92534781133355959, 0.082456735663386488)(4, 15, 'identity', 0.93213437393959964, 0.93213437393959964, 0.9312648283154159, 0.9322669611167409, 0.93213437393959964, 0.93027758669398397, 0.93213437393959964, 0.10247709535120461)(4, 15, 'logistic', 0.93620631150322364, 0.93620631150322364, 0.93555373808195152, 0.93629881596413889, 0.93620631150322364, 0.93458860367479157, 0.93620631150322364, 0.10960298608754666)(4, 15, 'tanh', 0.95249406175771967, 0.95249406175771967, 0.95225598020696278, 0.95251555757579054, 0.95249406175771967, 0.95146137454074298, 0.95249406175771967, 0.083135391923990498)(4, 15, 'relu', 0.95588734306073975, 0.95588734306073975, 0.95542546956116714, 0.95604406214839233, 0.95588734306073975, 0.954606555778855, 0.95588734306073975, 0.052935188327112317)(4, 16, 'identity', 0.93009840515778763, 0.93009840515778763, 0.92818987233195094, 0.92992486649613582, 0.93009840515778763, 0.92745649495683502, 0.93009840515778763, 0.1177468612147947)(4, 16, 'logistic', 0.93417034272141164, 0.93417034272141153, 0.93354613090772576, 0.93432447688779763, 0.93417034272141164, 0.93278789562226028, 0.93417034272141164, 0.095351204614862572)(4, 16, 'tanh', 0.93824228028503565, 0.93824228028503565, 0.93730269327997962, 0.93831288535741808, 0.93824228028503565, 0.93662268819541972, 0.93824228028503565, 0.10044112656939261)(4, 16, 'relu', 0.89412962334577539, 0.8941296233457755, 0.89217695506349648, 0.89562466246048422, 0.89412962334577539, 0.88909113303037834, 0.89412962334577539, 0.12758737699355277)(4, 17, 'identity', 0.93383101459110962, 0.93383101459110973, 0.93328456381830549, 0.93400827914710172, 0.93383101459110962, 0.93252177255498447, 0.93383101459110962, 0.10247709535120461)(4, 17, 'logistic', 0.93959959280624361, 0.9395995928062435, 0.93896667018175251, 0.93941136010404447, 0.93959959280624361, 0.9388764942806106, 0.93959959280624361, 0.090261282660332537)(4, 17, 'tanh', 0.94401085850016964, 0.94401085850016964, 0.94388492600462826, 0.94419373824812181, 0.94401085850016964, 0.9435051874013759, 0.94401085850016964, 0.096708517136070579)(4, 17, 'relu', 0.93077706141839156, 0.93077706141839156, 0.92986794489889635, 0.93118891471315324, 0.93077706141839156, 0.92828909551703376, 0.93077706141839156, 0.12419409569053275)(4, 18, 'identity', 0.95690532745164569, 0.95690532745164569, 0.95661213576782433, 0.95666789954505038, 0.95690532745164569, 0.95607432890696942, 0.95690532745164569, 0.064472344757380382)(4, 18, 'logistic', 0.93858160841533766, 0.93858160841533766, 0.93815058745733715, 0.93845485990288935, 0.93858160841533766, 0.93863404311020915, 0.93858160841533766, 0.1011197828299966)(4, 18, 'tanh', 0.95860196810315579, 0.95860196810315579, 0.95893970848074017, 0.95845164710498576, 0.95860196810315579, 0.95857582993662171, 0.95860196810315579, 0.050559891414998302)(4, 18, 'relu', 0.94401085850016964, 0.94401085850016964, 0.9441230313906338, 0.94401004381289388, 0.94401085850016964, 0.94344747247311289, 0.94401085850016964, 0.1007804546996946)(4, 19, 'identity', 0.93179504580929762, 0.93179504580929751, 0.93119852782530999, 0.93183110739341579, 0.93179504580929762, 0.92969359694164522, 0.93179504580929762, 0.1007804546996946)(4, 19, 'logistic', 0.91516796742449946, 0.91516796742449946, 0.91506335024209629, 0.91411422501564477, 0.91516796742449946, 0.91510425033417375, 0.91516796742449946, 0.097047845266372584)(4, 19, 'tanh', 0.95181540549711574, 0.95181540549711574, 0.95148435170534496, 0.95163519171230859, 0.95181540549711574, 0.95111749306583537, 0.95181540549711574, 0.065490329148286397)(4, 19, 'relu', 0.61214794706481168, 0.61214794706481168, 0.54242694812903536, 0.52465255934332922, 0.61214794706481168, 0.62334237020990191, 0.61214794706481168, 0.94570749915167962)(4, 20, 'identity', 0.94197488971835763, 0.94197488971835763, 0.94169506428059435, 0.94213568877974041, 0.94197488971835763, 0.94100842137982932, 0.94197488971835763, 0.082117407533084497)(4, 20, 'logistic', 0.94740413980318972, 0.94740413980318972, 0.94725352269972107, 0.94728532425560563, 0.94740413980318972, 0.94684447215539091, 0.94740413980318972, 0.076688157448252456)(4, 20, 'tanh', 0.93722429589412959, 0.93722429589412959, 0.93584543793525388, 0.9375021885833702, 0.93722429589412959, 0.93625306764193195, 0.93722429589412959, 0.12894468951476076)(4, 20, 'relu', 0.88327112317611134, 0.88327112317611134, 0.87747692977137026, 0.88447656215676129, 0.88327112317611134, 0.87677107237367846, 0.88327112317611134, 0.26739056667797761)(4, 21, 'identity', 0.92772310824567361, 0.92772310824567361, 0.92767525234416626, 0.92759632603918551, 0.92772310824567361, 0.92656107663910969, 0.92772310824567361, 0.094672548354258562)(4, 21, 'logistic', 0.94944010858500172, 0.94944010858500172, 0.94949505528203249, 0.9492803732997338, 0.94944010858500172, 0.94884500924228388, 0.94944010858500172, 0.063793688496776385)(4, 21, 'tanh', 0.93824228028503565, 0.93824228028503565, 0.93795299024845669, 0.93810555008554342, 0.93824228028503565, 0.93705501875436736, 0.93824228028503565, 0.082117407533084497)(4, 21, 'relu', 0.90261282660332542, 0.90261282660332542, 0.90250827650801047, 0.9029139012658145, 0.90261282660332542, 0.90072005398243782, 0.90261282660332542, 0.12385476756023074)(4, 22, 'identity', 0.92975907702748561, 0.92975907702748561, 0.92953732781981191, 0.92987023233495003, 0.92975907702748561, 0.92801202324816889, 0.92975907702748561, 0.088564642008822525)(4, 22, 'logistic', 0.93450967085171366, 0.93450967085171366, 0.93425120745179713, 0.93475851870550286, 0.93450967085171366, 0.93385694850593692, 0.93450967085171366, 0.10417373600271462)(4, 22, 'tanh', 0.93586698337292162, 0.93586698337292162, 0.93685847726003491, 0.9361294698793553, 0.93586698337292162, 0.93590242189501727, 0.93586698337292162, 0.077366813708856466)(4, 22, 'relu', 0.92670512385476755, 0.92670512385476755, 0.92667688276154159, 0.92722584323109125, 0.92670512385476755, 0.92415038164298424, 0.92670512385476755, 0.12690872073294876)(4, 23, 'identity', 0.95453003053953178, 0.95453003053953178, 0.95448558487763469, 0.95441291582124321, 0.95453003053953178, 0.95381597974722743, 0.95453003053953178, 0.056667797760434339)(4, 23, 'logistic', 0.94367153036986762, 0.94367153036986762, 0.94362356337843722, 0.94369352339266588, 0.94367153036986762, 0.94275294710982305, 0.94367153036986762, 0.10824567356633864)(4, 23, 'tanh', 0.95486935866983369, 0.95486935866983369, 0.95531820250293775, 0.95484025410873252, 0.95486935866983369, 0.95432152315001517, 0.95486935866983369, 0.055310485239226333)(4, 23, 'relu', 0.94774346793349173, 0.94774346793349173, 0.94728729897160513, 0.94775808743340439, 0.94774346793349173, 0.94635085492917226, 0.94774346793349173, 0.06345436036647438)(4, 24, 'identity', 0.93213437393959964, 0.93213437393959964, 0.9312004844856473, 0.93230717559189891, 0.93213437393959964, 0.93042610475208709, 0.93213437393959964, 0.10960298608754666)(4, 24, 'logistic', 0.81303020020359684, 0.81303020020359684, 0.75973622517703243, 0.75668058176882302, 0.81303020020359684, 0.81119998577764285, 0.81303020020359684, 0.20325755005089921)(4, 24, 'tanh', 0.94265354597896167, 0.94265354597896167, 0.94296143275970001, 0.94288833255080851, 0.94265354597896167, 0.94191253621127224, 0.94265354597896167, 0.075670173057346454)(4, 24, 'relu', 0.9355276552426196, 0.9355276552426196, 0.9349026436644694, 0.93574846391137212, 0.9355276552426196, 0.93410199759800794, 0.9355276552426196, 0.19884628435697319)(4, 25, 'identity', 0.93417034272141164, 0.93417034272141153, 0.93271022060143016, 0.93420568822405248, 0.93417034272141164, 0.93268616080663591, 0.93417034272141164, 0.10247709535120461)(4, 25, 'logistic', 0.81336952833389886, 0.81336952833389886, 0.75957937932139863, 0.75659372307970874, 0.81336952833389886, 0.81167202879470557, 0.81336952833389886, 0.20597217509331522)(4, 25, 'tanh', 0.94265354597896167, 0.94265354597896167, 0.94251359450714445, 0.94245645781874754, 0.94265354597896167, 0.94176404468867447, 0.94265354597896167, 0.086868001357312527)
(4, 25, 'relu', 0.91923990498812347, 0.91923990498812347, 0.9177260387592322, 0.91937568340712283, 0.91923990498812347, 0.9175962670845772, 0.91923990498812347, 0.1815405497115711)
